1.923299
1.951321
2.074076
1.926126
2.072405
2.020873
2.066088
1.951934
1.984177
1.941083
2.010312
1.819505
1.994606
1.954525
2.051833
1.968336
1.870176
2.067381
1.90933
2.157
2.002656
1.912501
2.03683
2.072945
1.870025
1.984522
2.010113
2.073329
1.914578
1.947662
1.945214
1.998039
1.981389
1.94555
1.956551
1.997078
1.750368
1.774443
2.122975
1.885799
2.036674
2.02835
1.966643
1.923093
2.04756
1.951586
2.019248
1.993532
1.778748
1.991107
1.995746
2.034621
1.899471
2.146735
1.93249
2.033641
1.974089
1.892161
1.993619
2.094496
2.105899
1.945245
1.924351
1.96335
2.013083
1.9084
2.10455
1.976485
1.959847
1.986027
2.097342
1.956651
1.972365
1.981375
1.996043
1.975448
2.103004
2.062558
2.079264
2.090233
1.997591
1.977484
2.020233
1.929044
2.078697
2.026749
1.958977
1.98149
2.047287
1.917076
1.881734
1.98058
1.991895
2.138969
1.75406
2.114606
1.934078
1.93636
1.955236
1.942204
1.957979
2.070499
2.034124
1.949337
1.760813
2.011753
2.023361
1.989409
1.966762
1.832578
1.959675
2.175222
2.027513
1.942054
2.014969
2.167947
2.069652
2.012517
1.969857
2.147645
1.954473
2.098885
2.039255
1.92444
2.14658
2.103579
1.86196
1.822373
1.877598
1.920951
1.897946
2.179116
1.805034
1.922822
1.975584
1.963152
1.972605
1.983154
2.146828
2.015556
2.089948
2.078593
1.817688
1.838031
1.952062
1.975401
1.943684
2.188864
1.900666
1.9501
1.851622
1.95412
1.96285
1.948305
2.105489
1.971678
1.891524
1.939414
2.294307
1.9743
1.978821
2.094264
2.123818
1.958817
2.04277
1.870147
2.032526
2.093634
1.878932
2.089211
1.970215
2.058083
2.004629
2.100688
2.020647
1.972155
1.940657
1.892185
1.906252
2.236535
1.867321
1.974621
2.119561
1.93831
2.007175
1.87698
1.985316
1.942775
2.026032
1.980552
2.092698
1.91162
2.032585
2.073085
1.94105
2.054429
2.07596
1.880473
2.086251
2.025304
1.868855
2.170953
2.033829
2.088951
2.05059
1.837732
2.111028
2.113926
1.745784
2.068951
1.789507
1.976912
1.970907
1.94727
2.048383
2.016489
1.940595
1.91158
2.125688
2.12574
2.032768
2.043818
2.187142
2.096523
2.07453
2.109814
1.877055
2.161463
1.896023
2.08146
1.943782
1.887785
2.177094
1.904056
1.874112
1.956455
2.132708
1.945705
2.121433
1.83989
2.065726
2.111565
1.918726
2.151487
1.865278
1.981144
2.148353
2.153835
1.864985
1.975353
2.074971
2.041865
2.188984
2.150733
2.048172
2.009359
1.976765
2.122856
1.857448
1.959645
2.076243
2.084714
2.022659
1.938556
1.979905
1.978752
1.980739
1.978261
1.9471
1.992876
1.930873
1.92494
2.092578
1.98022
2.131461
1.983677
2.120558
2.202535
2.142626
2.05785
1.956816
2.128983
1.9776
2.220095
1.98451
2.05581
2.05187
2.150217
1.996027
1.956581
1.843829
1.921483
1.989541
2.081526
1.955192
2.127348
2.074298
1.947002
2.033459
2.124111
2.107243
2.122855
2.045157
2.073418
1.995774
1.952076
1.916822
2.114637
1.912093
1.894761
2.048397
2.00334
1.858899
2.002167
1.88807
2.071213
2.037642
1.994475
2.069092
2.057318
2.060167
2.021125
1.971279
2.040243
1.995527
1.948774
1.971561
1.931901
2.216001
2.02042
1.817006
2.07991
2.129015
2.036734
1.96292
2.129254
1.950447
1.817176
1.993302
2.015951
1.8978
2.226965
1.97732
1.986957
2.04334
2.023989
1.82878
2.024157
2.231147
1.966538
1.853709
2.035481
2.013481
2.148889
1.876832
1.993781
2.020373
1.961198
1.954729
1.980645
2.048615
1.981259
1.992063
2.000183
1.710619
1.945801
1.994655
2.301675
2.007276
1.96812
1.997937
2.079714
2.142121
1.864171
2.03141
2.144772
2.016222
1.959401
2.040965
2.020902
1.750723
2.060753
2.041046
1.895322
1.964495
2.01501
2.043234
2.08277
1.958009
1.964196
1.870915
1.932087
1.960374
2.024227
1.983279
2.075842
2.001557
2.067779
2.043677
1.948544
2.001559
1.940465
1.879197
1.952496
2.079924
2.004825
2.03175
1.880662
2.191826
2.131375
2.060347
1.913996
2.141005
1.918701
2.151621
2.1155
1.854208
1.977367
1.938105
1.954945
1.909623
2.029484
2.089708
1.970912
2.006783
1.76833
1.948661
2.170026
1.993293
2.180705
2.192502
1.875507
2.027123
2.104221
1.783923
2.1004
1.950268
2.140816
1.903174
1.836448
2.18743
1.775106
2.137016
2.121507
1.95101
1.872995
2.122067
2.071771
1.92122
1.854827
2.010666
2.066193
1.911641
1.897211
1.821918
2.009283
2.055148
1.997088
2.055485
2.151636
1.921304
2.13854
1.993974
1.933024
1.9303
2.001788
1.822029
2.038511
1.936152
1.93452
2.028744
1.927662
1.842951
2.089883
2.106357
2.141697
2.011977
1.94809
1.925796
2.01224
1.994687
1.913166
1.880115
1.990082
2.080343
2.039601
1.784243
1.888788
2.115315
2.062427
2.108557
2.011872
1.784651
2.051877
2.048413
1.996922
2.117942
2.006257
1.800662
1.928832
1.873672
1.849479
1.963831
2.105056
2.051855
2.089847
2.076049
2.066422
2.028229
1.810201
1.856699
2.136915
2.124347
2.09734
1.984655
2.033343
1.72535
2.090358
1.863861
2.133519
2.050763
1.938893
1.972886
2.062145
1.934708
1.810883
1.937058
2.014798
1.805492
1.887954
2.03102
2.116874
2.178138
1.945727
2.024735
1.83509
2.094658
1.987081
2.001033
2.025689
2.113379
1.930673
1.974026
1.86455
2.036652
2.016669
1.952384
1.84468
2.004008
2.039262
2.09627
1.994186
1.898825
2.243866
2.239487
2.02924
2.083564
2.003267
1.922567
1.956137
2.147036
1.932986
1.965333
1.895979
1.734175
1.886672
2.13109
1.860185
1.975068
1.992791
2.009358
1.944364
1.872434
2.091032
1.900739
1.807779
1.882951
2.081212
2.032585
2.024511
1.977131
2.099273
1.87356
1.896293
1.978668
2.1308
2.034285
1.988386
2.059529
2.134139
2.056113
2.059167
1.990798
1.935992
1.994689
2.122806
2.097266
2.083985
2.027332
2.015489
1.919879
1.985057
1.877407
1.99135
2.045469
1.952681
1.894593
2.082621
1.858115
1.91312
1.91336
1.758664
2.048287
2.145493
1.970238
1.966242
1.899738
2.190872
1.960863
1.968043
1.956286
1.957114
2.011682
2.088644
2.057116
1.835271
1.901383
2.09992
2.155265
2.182409
1.973721
1.962322
1.97864
2.142882
2.070688
1.786996
1.922163
2.035324
2.165449
1.916513
1.965458
1.973016
2.243056
1.980284
1.990383
2.101357
2.039004
1.883287
2.160224
1.949809
1.963726
2.176068
2.119014
2.227335
1.892038
1.98265
1.960097
1.896235
1.88278
2.077763
2.07028
1.954625
2.182025
2.077101
1.979921
2.148715
2.197465
1.971816
2.030948
2.007971
2.063689
2.084272
2.225668
1.971307
1.898467
2.071152
2.12945
1.951004
1.943286
2.085628
1.807592
1.973211
1.834206
2.037953
2.004003
2.099747
2.113864
1.992813
2.001272
2.081455
2.039692
2.182019
2.133258
2.068534
1.898265
2.047474
1.847121
1.824521
2.022034
1.999794
2.189134
2.051712
2.033603
1.758081
2.100072
1.780235
1.961265
1.880009
1.981144
1.983656
2.015942
1.895895
1.907613
2.128079
1.85186
2.059237
1.967001
2.105697
1.990235
2.151742
1.925514
2.01587
2.073753
2.104247
1.915412
1.881672
1.969001
2.035817
2.043557
1.976879
1.94604
2.109956
1.915586
2.065419
1.917009
2.0865
1.902782
1.776189
1.963467
1.986139
1.932131
1.858448
2.089934
1.974391
2.039827
2.108376
1.887065
2.069935
2.09131
2.053094
2.087563
2.065582
1.964296
1.995209
2.084572
1.95113
2.080923
1.993343
1.916863
1.903797
1.969592
1.979749
1.983593
1.93106
2.00586
2.169822
2.026623
1.850964
1.96386
2.184952
2.050881
1.877678
1.77637
2.142744
2.096217
2.160388
2.03323
2.063035
2.069746
2.008338
1.877156
2.271043
1.952316
2.079196
1.87657
2.076229
2.052568
2.075699
2.004728
1.991324
1.889397
2.117709
1.9418
1.965898
2.025177
1.925553
1.971286
2.02208
2.128027
2.029794
2.056397
2.083974
2.050604
1.988486
2.04814
2.161077
2.036757
2.025959
1.911913
2.098412
1.876824
2.083402
2.017475
1.940593
2.006686
1.766794
1.890348
2.086328
2.133103
1.925376
2.026779
1.905095
2.017724
2.027865
2.112437
2.014655
2.068302
2.0046
2.075047
1.808044
1.990828
2.030468
1.918749
1.871679
1.919513
1.893127
2.060084
1.994705
2.127078
2.036311
2.11615
1.91883
1.846062
2.131736
1.926833
2.129282
2.007555
2.088031
1.955537
1.914103
1.870339
1.961161
2.110385
1.987364
1.948465
1.960169
1.962444
2.095179
2.068039
1.964797
1.930922
2.120773
1.948367
2.107912
1.961026
2.125641
2.22086
2.166911
1.955176
1.932435
2.048349
2.111423
1.979821
2.007454
2.078374
2.034579
1.983556
1.95252
2.079675
2.009729
1.929055
2.146485
2.000788
2.031756
1.858402
2.006791
2.033184
2.027943
1.957441
1.987279
2.127036
2.137357
2.142802
1.919113
2.174649
1.865614
2.028725
1.795698
2.092479
1.912209
1.918014
2.097358
1.87402
2.001206
1.937753
2.156692
1.829381
2.130976
2.042066
1.982957
1.85966
2.079429
2.192356
1.990278
2.257252
1.828506
2.024686
2.021706
1.898265
1.994452
2.113792
1.923746
1.971416
1.97239
1.966406
1.950407
1.975765
1.9916
2.126498
1.988797
2.133396
2.097896
2.076041
1.870486
1.95323
2.011365
1.95287
2.127591
1.864004
1.97254
1.870445
2.004646
2.020477
1.990337
2.138433
1.964524
1.875005
1.941536
2.009751
2.194095
1.994257
1.980192
2.275662
2.084291
1.939682
2.055032
2.095036
1.923285
2.023297
1.963439
2.06725
1.976554
1.992648
2.091592
2.116347
2.061378
2.234397
2.153917
1.944158
1.899261
2.094576
1.97686
2.001003
1.926974
1.942104
2.191056
2.121676
2.030547
1.973998
1.91858
1.975406
1.93382
2.110967
2.040514
2.019678
1.912917
1.977967
1.979406
2.053962
1.88812
1.964451
1.94411
1.746077
1.986827
1.811094
1.909927
2.06602
1.914528
1.74955
1.894097
