3.896349
5.981142
3.428201
2.945812
2.919914
3.32587
6.646047
2.526028
7.041797
4.66415
2.514199
4.51271
3.554823
3.843273
4.186713
3.436639
3.626316
5.02945
4.657716
6.919396
4.194515
3.138283
7.003889
5.626057
2.7081
3.076577
5.043426
3.364028
5.283855
3.689525
4.383194
2.50596
2.53155
4.353155
4.692601
6.181166
5.598646
6.880667
6.033565
3.965324
6.394311
5.943469
5.93972
4.034805
4.395242
6.847645
5.75391
2.986696
5.14338
7.000534
6.514087
6.820858
5.841315
6.256721
4.531109
6.913912
3.11226
6.716215
6.461201
6.81753
5.617522
3.288199
7.071049
5.163584
6.041202
3.249546
2.583413
4.153174
3.440508
3.693065
4.943177
5.906351
6.832658
4.680527
5.42715
4.415263
3.265799
6.826686
6.855201
4.802322
3.602262
2.763352
3.854902
6.812299
4.112335
3.15393
3.990625
3.684065
3.825123
4.351819
4.235172
2.789459
6.530471
6.668813
6.939459
5.578846
5.507552
6.624766
6.954176
3.824395
6.948471
6.707258
6.027783
5.671414
3.156448
3.74142
3.733538
2.950069
2.903548
2.95094
5.215677
7.099357
3.149844
4.626495
4.605375
5.379422
5.889996
2.8965
2.978099
5.93158
4.884223
3.4527
3.426061
6.113353
6.887497
3.302033
5.303828
3.589072
4.412902
6.242808
5.28518
4.413049
2.923609
5.153541
7.030944
6.547474
6.286052
2.771302
4.031078
3.345337
4.277976
3.345297
5.887529
6.140248
4.107763
6.0706
6.955444
6.990543
5.705774
4.920454
5.60229
6.891128
3.704203
3.380036
4.167229
5.618959
6.510254
5.509573
5.948561
3.04359
5.544121
3.679908
6.170121
6.339276
3.915655
4.597679
2.995534
3.701508
3.58409
4.598733
3.47355
5.332465
5.446685
4.312288
6.842815
5.746533
3.84915
4.822884
3.166011
5.304434
4.557167
4.185581
5.939119
4.514227
5.278134
6.75117
4.837853
5.492682
5.356718
2.503046
3.726269
3.661378
3.409554
3.567123
4.975249
3.618534
5.088536
3.613817
4.42057
3.302761
5.439788
7.037176
3.669073
2.704737
3.269022
3.575292
4.01011
4.563501
6.535188
4.017537
4.552606
5.552416
3.430144
3.200293
2.634965
3.579341
5.787835
5.830276
3.478083
5.933181
6.221136
4.529574
3.067269
4.804801
2.761261
3.952102
5.398105
4.063948
2.795437
7.063874
3.924002
2.735107
5.75419
4.06147
3.700593
4.512378
5.630756
4.509305
6.087827
3.428541
7.095949
4.10554
6.436482
6.568782
3.999487
5.678525
6.76014
5.061337
3.52786
5.42315
5.164927
5.410819
6.807087
6.432886
3.784542
3.246157
2.684377
4.559911
2.633198
4.271432
6.757942
5.191443
2.699776
4.418059
5.244604
4.935369
5.245171
6.694802
5.749953
3.808867
5.690649
2.57232
5.561445
5.369205
3.067054
6.636434
3.397922
6.479599
6.863972
6.563962
6.890499
2.848268
3.056413
4.448209
5.381917
3.746803
3.476273
3.668718
2.921975
4.827108
5.892014
5.746973
3.253302
4.983928
6.354664
3.886528
3.070671
4.774156
6.747948
3.81245
6.095429
4.396445
4.335475
6.585794
4.329499
6.458695
5.095781
4.127398
5.822777
6.340753
5.431092
3.449115
6.580279
6.955754
3.304703
3.141091
3.150931
3.696283
5.636872
5.255619
5.388108
5.858259
3.387985
5.349105
4.827939
3.909867
7.053063
4.700965
5.765677
4.978424
7.051532
4.090719
5.327071
7.057406
4.8107
3.336615
5.507226
4.684227
6.758282
4.6806
3.065667
5.830229
3.281011
5.867762
6.65561
2.518657
3.531272
5.825789
4.294204
4.977619
3.876959
3.990839
4.926156
2.504745
2.735561
6.990203
4.757419
4.695395
3.685409
6.269097
6.14636
3.547093
3.068021
6.370024
6.184076
4.302411
4.211341
4.068584
4.270755
6.110736
5.366541
4.367531
4.661323
3.927406
4.45301
6.935051
3.332889
2.710368
6.841492
2.639864
2.936822
3.557376
5.769784
5.158652
4.011389
3.869514
2.96349
4.038448
5.017133
3.084748
6.465467
4.755789
4.559116
6.194432
6.45342
6.925118
5.499197
3.60935
2.701442
5.924022
3.27096
4.337707
4.204034
6.389316
3.242488
3.614132
5.73043
4.140125
6.031703
4.318516
3.040163
4.703529
5.598648
3.525661
6.71902
5.579638
5.106812
6.792795
4.760881
4.735702
6.42109
5.365532
4.70718
4.111502
2.74319
5.974884
3.612967
3.800617
4.791068
7.050827
4.527516
5.921457
6.275338
5.262961
4.221564
3.553018
3.795631
3.109147
6.896402
5.732461
3.872729
4.411819
3.118492
6.833848
4.073359
3.366523
6.689452
3.629186
3.618631
4.19058
3.388754
4.960934
4.164194
5.905565
4.568266
7.0963
4.676287
7.08608
5.690249
5.771122
6.048624
4.434608
6.374018
2.723698
4.895643
2.560458
6.079458
3.887052
6.787339
5.403641
5.527524
6.235112
4.447693
5.817961
6.989195
6.481795
5.04785
4.567186
5.358152
4.73355
4.451566
5.610167
4.499529
6.001347
5.033753
5.698516
6.153726
5.072212
6.204593
5.855806
2.932927
5.589332
2.642557
3.494707
6.877234
3.426725
3.573907
4.234753
5.223943
4.145592
3.806042
3.633823
5.416288
5.102335
3.414387
3.084673
3.209018
3.188376
2.999864
3.222217
4.491668
3.431307
5.497428
4.408607
5.01959
2.571139
6.808438
3.797144
5.922631
7.001204
2.64308
5.970172
3.831108
4.498521
4.770321
5.46308
4.394564
4.733895
5.675318
4.162563
4.430365
6.051727
7.087008
4.078248
6.605746
6.606029
6.820699
2.830401
6.441973
4.557531
2.767382
4.563574
4.47902
2.949425
6.009793
4.438819
2.503019
5.460461
4.419389
3.061865
5.493589
4.955618
3.81172
3.617486
5.179831
4.83415
3.787019
3.6603
6.835205
2.693383
2.93382
4.641844
4.724508
5.541834
4.981267
4.289052
5.835343
3.242012
3.972163
6.074596
4.224808
2.887668
4.797658
4.785388
5.720367
4.626169
3.690281
2.876645
6.381594
6.322767
6.047418
5.095259
5.812511
5.112276
5.726839
2.981172
6.162561
2.520591
5.778299
2.938678
5.626236
6.06281
4.297178
4.367338
6.554584
3.685076
4.663316
4.301155
3.168889
5.321823
5.03213
3.021352
5.662118
5.381292
2.905937
2.706425
5.037137
6.324698
5.02648
6.566999
6.718879
5.326916
4.011721
3.041912
3.250516
6.101129
4.10874
4.500577
6.256982
6.877865
3.839742
6.749956
3.722685
4.519869
3.581906
5.384865
4.072314
3.335003
6.043273
4.313585
5.826672
4.465163
4.76255
4.00251
2.695335
6.869484
4.94597
6.996181
4.795404
5.070994
6.403822
5.085917
3.539445
6.877374
4.141528
7.016522
3.357069
5.668413
3.348452
2.743731
5.359329
3.326241
2.98817
4.482203
3.560912
6.468626
2.712649
3.644489
6.309049
4.891988
3.637716
4.815839
3.787772
2.821446
3.910182
4.052667
4.906376
6.427984
4.024103
3.992171
3.61536
4.685694
7.037839
2.668605
5.184353
5.250597
4.909887
3.064902
6.306867
4.411404
6.987182
4.622768
4.123194
6.467598
3.696771
2.86595
4.616543
4.031481
4.557404
6.604391
5.889135
2.708396
3.136317
6.921079
6.544025
3.516166
4.415573
6.693526
3.582024
5.071025
3.215959
5.991551
4.47492
6.522681
4.641965
6.084641
3.317173
2.700959
5.838573
6.530561
5.996038
3.982627
4.037868
4.764499
6.426305
5.632729
5.467914
4.281798
3.746359
4.93252
3.356424
6.807246
2.945778
4.841153
3.923042
6.092816
2.529786
3.272931
3.332101
5.678247
5.308141
4.874081
2.578742
5.593467
2.799054
6.71588
3.06776
5.649618
2.548418
7.007316
4.846769
3.3045
6.43168
3.646947
5.11069
5.201854
6.114972
7.007377
4.258508
4.02715
6.297153
4.883257
3.951231
6.358193
3.121041
5.461896
4.802328
4.999197
5.263091
6.731945
6.878574
2.630794
3.905781
4.168746
5.001828
4.88022
5.033114
3.941641
3.063173
4.314494
3.81073
4.248435
3.809693
2.93069
3.994777
3.816235
4.091118
5.107044
5.797304
5.094174
4.880489
6.323993
5.74056
4.986888
6.501548
6.435466
2.81429
3.544772
4.457182
7.031295
2.649312
4.330209
4.388968
7.08438
5.340641
3.231507
3.003806
3.751971
5.890338
2.666498
