0.8916305
1.521062
3.10436
0.293886
0.2732793
0.2553906
1.053208
1.030084
0.3773774
0.5829508
0.2921492
4.749297
0.02200061
0.1948519
0.3164751
1.555778
1.980113
0.4759651
0.4207377
2.741554
0.6104788
1.009034
2.504019
1.24194
1.213509
0.3318351
0.5753982
2.204177
0.5718235
0.2583715
3.033268
0.03152784
0.1705003
1.085478
1.59062
1.029763
2.22817
1.798826
0.2808767
1.876298
0.195396
1.118368
0.7287376
1.020136
0.4523428
0.3828179
1.881718
0.2181574
2.494603
0.5193286
2.766346
2.705294
4.045173
2.635282
5.219939
0.9382693
0.7538197
1.613943
0.3633201
1.258986
0.1311796
0.4310307
1.038032
3.057412
0.02106434
0.6432715
1.913724
2.528997
0.5866999
1.490805
0.1667329
3.174392
2.790218
1.310863
2.323816
0.8800217
1.85547
0.701299
0.1254132
0.08656306
0.623007
0.02103697
1.231563
1.549371
0.2625213
0.6095789
0.8346299
1.231868
2.230997
0.4509973
0.4339212
0.5795764
2.908433
1.398487
8.039801
0.6014489
0.1196733
0.6911428
1.657213
1.643956
0.1129644
1.300502
2.054305
2.436285
0.5486513
0.02261578
0.01342965
0.1554758
0.467278
0.4739673
0.09585656
2.277195
2.58523
0.5265502
0.7955496
0.7050962
0.8041578
0.1088673
4.319865
1.485073
0.1002617
3.296278
1.439917
0.7000487
5.982613
1.137853
0.193892
0.239424
0.10124
2.024108
0.3454678
0.347971
1.090487
1.486943
0.7731971
1.081194
1.187958
0.3094619
2.515613
1.364764
0.5506963
1.473288
0.3515749
2.952167
1.354267
0.2414526
0.00820514
7.302533
3.231334
1.49171
0.1188408
0.02542868
1.203617
1.297409
0.7767549
0.9381768
1.591382
0.3296488
0.1528697
0.6751869
0.1942218
0.5417879
3.651754
0.0159812
0.6698045
2.590045
0.8534344
1.536223
4.199952
3.270568
1.311703
0.1666398
0.5509447
0.03241763
0.5789656
0.6378302
0.3725152
1.050357
1.858046
1.37626
1.214465
1.173922
1.246004
0.6262385
1.593547
1.372399
1.644241
0.3842541
0.104361
0.6455264
0.5836721
0.03685608
0.7362775
3.296219
0.04413566
4.073824
0.9271531
0.2959397
0.921239
0.4741975
0.02807551
4.18309
1.485043
0.1405749
5.792258
0.7586856
0.3356576
0.6007681
1.417858
2.591769
4.214903
0.6104457
1.590372
0.384868
3.527158
0.07553949
1.240238
1.020453
1.3934
0.5077838
0.5518339
1.233328
1.064098
3.538225
0.4087284
0.6646542
1.982318
0.6035411
2.343911
0.8669655
0.5513228
2.072363
0.7452749
0.2462766
0.1378796
0.009206469
0.6810629
1.556158
0.5725283
0.8382901
3.111373
0.1526057
1.103664
0.1123091
2.503611
1.717915
1.332974
0.02859564
0.7034687
2.072665
0.104643
0.3328392
1.774295
1.172113
0.4249237
0.582835
1.535715
0.3488555
0.8418522
0.3644523
2.05769
0.08195674
1.170066
0.4041126
0.955273
3.279817
0.1420274
0.5760801
3.062777
0.2992726
1.773429
0.7701326
5.215306
0.7344563
0.3804954
0.2018807
1.658
1.950759
2.712467
2.676907
1.059965
0.0271361
1.743239
0.1396283
3.822382
0.474272
0.04708865
0.1769034
0.415413
0.5768356
1.781414
0.9329906
0.8135334
0.4149284
1.822852
0.4088115
1.840048
0.2540324
0.4056313
1.628793
0.4143735
0.09058145
0.2884219
0.4457152
0.5939905
0.4377567
2.093509
1.930304
1.272715
0.3700919
4.039446
0.2610902
0.8523246
1.632398
3.566323
0.02467179
5.555034
0.555616
0.4769533
0.6637565
0.3744513
0.384411
1.349445
1.409914
0.5908314
5.363292
0.1517964
1.742207
1.321204
4.637739
0.08007499
0.01335034
1.302426
1.791923
0.03478891
0.7653148
2.340786
1.139355
1.127844
0.695794
0.0295595
0.03620722
2.786718
0.1437375
0.2298216
1.199255
0.1697615
1.036869
0.8156889
0.2649714
0.3385014
1.718658
0.2008952
0.7475089
1.883848
4.674276
1.710293
4.778665
0.4187077
0.8717866
0.1242562
0.7491746
0.3165706
1.964755
1.504287
0.6441605
0.9260686
0.1560096
1.098599
1.12265
0.6480604
0.4829123
0.7615387
0.3330073
0.727524
0.1650898
0.017792
4.231127
0.8556017
1.455104
0.1896665
2.025605
1.147193
1.625186
1.178203
0.4469181
0.7981381
2.056499
0.2812095
1.068272
0.9445291
0.3136499
0.6939473
0.5532263
3.482926
0.1944528
0.1706994
1.985806
0.6738283
2.125629
0.184359
0.9304398
0.01814409
0.1790273
1.5133
1.213722
0.6899946
0.8672778
0.01925871
0.7757021
0.03780102
1.215242
0.406052
5.348897
1.273526
0.9103245
1.32218
0.9400104
1.724625
2.784182
3.821835
0.2900618
0.08065548
1.187361
0.228269
0.9345461
1.487787
1.316477
0.02862065
1.065187
1.428032
0.6996798
1.848725
3.038861
0.2098896
0.4217952
1.308395
0.5336724
1.014155
0.1497424
0.4249649
0.209805
0.5816114
0.5177339
0.03612411
2.330045
0.1901951
3.147094
0.7225415
0.1664511
0.7685464
3.870816
0.9258168
0.7495499
1.409156
0.8349494
3.580543
0.6725238
1.5152
0.2255965
0.09910319
1.467988
2.991443
0.3279229
0.4750795
3.684839
0.1675663
1.55702
0.2810782
0.2003982
2.828915
0.2288351
0.2385742
0.4186668
0.1588365
0.5972651
1.608264
1.095952
0.2665639
0.1367203
0.6061823
0.09112911
0.7826619
0.4229054
0.1160196
0.3110921
0.22031
0.7357467
2.799427
0.4499945
0.8795962
0.02763847
1.26252
2.3931
1.052083
1.976776
0.6304853
0.0144666
2.184303
0.8054789
3.547249
1.116923
0.4889513
0.01967943
0.2356941
0.7434796
3.679976
1.969248
0.1637799
1.453675
1.665945
0.5139949
0.2140724
3.861025
0.7864124
1.450193
0.2870013
0.06610342
0.8204246
3.14325
0.6761722
0.1247855
0.2106975
5.928371
0.5666292
0.8679178
0.5929718
0.3056497
0.4115466
0.5731879
2.07201
2.308024
0.07209295
2.697017
2.54823
2.350279
0.7972643
0.7229545
1.128976
0.2288799
2.222665
1.141135
2.569651
5.41533
1.496204
1.840839
0.07125538
2.42228
2.555113
3.211616
1.937299
2.59324
5.549219
0.9224792
0.4021302
0.771276
1.346759
0.9627336
0.6332851
0.6620331
0.9092781
0.5395406
0.83688
0.07147012
1.575584
2.871179
0.1795859
1.559199
0.08856711
0.2763386
0.05518388
2.805641
0.8519644
0.8833232
0.4053143
0.8650493
5.870833
2.00095
1.007634
0.8926418
1.463012
0.182708
1.303214
1.672122
0.02165572
1.247229
0.07922791
0.7772434
1.885076
0.2200474
1.57256
0.843113
0.5208893
0.5952336
0.5723248
0.3153978
1.589842
0.4940093
0.2487699
1.355053
0.4298623
0.7495995
0.6013546
0.03493832
1.870176
0.1918079
0.1398231
2.418452
1.456049
0.02520709
0.7980489
0.4002463
1.977288
1.275626
0.4209966
1.798803
0.3305364
2.100503
2.124675
0.3400172
0.2449392
0.9337396
0.07809621
1.72236
1.431067
5.659856
1.97658
3.469465
0.5376224
0.003225259
2.318915
0.01169578
0.2049262
0.9497103
0.4090633
1.00912
0.09648135
5.387454
0.3369158
2.847562
1.29528
0.3465999
2.041533
0.01603832
3.351542
1.208807
0.5466082
1.120492
0.8451826
0.3041376
0.3898193
3.003044
0.3463417
4.637646
0.0998931
1.110036
1.015009
0.3790548
0.08764547
1.656172
0.2619815
4.883488
0.07856012
0.1129541
0.4328284
1.632635
0.7457101
1.652309
1.203074
0.98201
0.4034569
5.895121
2.686651
0.5360255
0.1183232
0.2060092
0.7623534
0.2586734
0.7351593
2.194513
2.900104
0.7186895
3.024096
0.616322
5.895455
1.24779
2.508582
0.07578322
0.1671601
0.6203857
0.1852647
0.7260302
0.7915344
0.1011784
1.314466
1.208491
0.2185552
1.408563
0.1107181
1.380864
0.232249
0.1752094
2.212361
2.267386
3.722283
1.464814
1.119871
0.3701885
1.35503
0.6562892
0.3194506
0.8431409
0.1500163
0.1850583
0.2992511
0.4051255
1.442968
3.668495
2.209946
0.5036524
0.1562968
0.1702297
0.6120186
2.081622
4.65347
0.2961783
0.4627915
4.474344
1.110046
0.190902
0.06386015
2.78866
0.3858048
1.422431
8.898179
2.145752
3.467818
0.01915378
0.5952019
1.291836
1.33916
0.6491959
0.2970296
6.161961
1.07129
0.01854184
0.6472303
2.153354
0.6201275
2.62781
1.197212
2.438065
1.576832
2.279329
2.759259
0.1455859
0.9030182
0.7092148
0.1806898
0.0337052
2.663434
0.8647401
0.543728
1.94618
1.922115
1.146887
1.323126
0.2289839
0.06021565
1.535379
1.248076
0.660171
1.35846
0.1880437
0.7860709
2.318385
2.826083
0.1754808
0.01430451
1.652374
0.3711613
1.373282
0.2875038
2.059394
0.103644
3.373107
0.199566
0.127463
0.4108347
0.8391004
3.360884
0.5475173
0.2290567
5.64196
0.6049181
1.169183
1.059389
1.568643
1.072856
1.557347
3.250476
1.827975
0.4011558
0.7594583
1.730691
0.678408
0.01913519
2.623816
0.1245668
1.768506
1.531712
1.098452
1.192937
4.434347
2.11337
0.01351966
1.146921
0.8085717
0.5536792
0.2513546
1.121325
1.249277
0.3031138
3.271254
1.124967
1.146841
0.3934563
2.022672
6.643311
1.266832
2.484461
0.3104528
0.1060718
2.21333
0.2366305
1.133537
1.184241
2.791947
1.226823
2.789487
0.4014912
1.325134
1.644899
0.8510518
0.1152768
0.3213186
0.9041008
0.2565095
0.4258942
1.65722
2.014305
1.850439
0.8926718
2.713377
2.325162
0.2123258
0.6067093
0.1911871
0.2282107
1.087496
0.1539449
2.696923
0.5919093
0.08099686
0.07156101
0.1405646
0.1132331
1.03372
1.667855
1.278114
1.100765
2.450393
0.5318011
0.3552429
1.069265
0.7825482
2.436292
0.7616737
0.8331187
2.727527
2.686284
1.049906
2.906213
0.105386
0.1947432
0.2798563
2.898139
1.597128
1.595906
0.8506376
0.1417261
2.745831
1.124541
0.1174937
2.876028
0.3913118
0.09326698
4.540407
0.1520121
0.3050517
0.2602495
2.409012
0.6479965
1.970066
1.246794
3.511853
0.3057326
2.576822
0.4045939
0.3353051
1.508399
0.1469146
0.1992209
0.3623706
0.4725544
5.986127
0.3405015
0.6582991
1.599886
2.405716
0.5708684
2.340327
1.53547
3.866346
2.168228
1.568197
0.2023924
3.05742
0.4860001
0.1953523
3.423093
1.13869
0.2557453
3.486512
3.761728
0.2419407
0.4354383
2.428477
2.370412
0.8698714
1.518704
2.015348
0.1664019
0.9014861
3.008182
1.936752
1.605971
0.01929404
0.3131568
1.090473
1.167102
1.89993
0.11566
0.1411444
0.2718901
3.571136
0.2660231
0.4850728
1.713374
3.840408
0.6425352
2.179824
0.1246255
1.969411
1.597493
0.3798282
1.148704
3.259265
1.734768
3.599446
0.2901164
7.778528
1.339968
2.236769
1.21321
1.195351
1.243523
3.166867
0.9405397
0.3292016
0.1934323
0.4870085
0.4159734
1.366646
4.909062
1.479595
0.8897076
0.1527491
0.1680617
0.1993486
3.75365
0.5525874
1.628277
0.5825175
2.513607
3.038465
2.066568
6.720989
0.3319224
1.182673
1.675267
1.949021
4.038064
2.884748
0.7839029
0.2673906
1.773547
0.1064023
0.01113881
5.283712
0.1907352
1.048417
0.4962716
4.782333
0.09937677
3.620188
3.203083
0.9726166
0.8413189
0.2623159
1.02066
1.003075
0.6794658
0.1094963
0.085523
1.631576
0.9593193
0.855979
1.462997
2.701254
0.2643893
1.541911
0.3155046
1.535013
3.457256
0.05035575
1.714062
0.1280658
0.01467671
0.7451185
0.2544411
0.7178265
0.651761
0.04699059
0.3870875
0.7532492
1.99884
0.7717772
1.161596
1.43811
3.045335
0.4400693
0.9122197
1.227542
2.383613
1.293394
0.7103248
0.2017101
1.047066
0.2593102
0.7961532
2.583052
0.1083393
1.408758
0.5148198
0.5020311
1.484869
1.179906
0.109927
0.9530095
1.800264
1.08942
0.8163216
0.5529031
0.3196439
1.168212
0.02174105
2.245237
0.5616344
0.9319138
2.572743
0.610854
0.4524348
1.234916
0.6844724
1.479339
0.1738186
0.168334
1.059545
0.2201282
1.305813
0.1751418
0.3617473
0.647929
0.4193834
0.4697865
1.304079
0.6192164
0.9442094
0.23184
0.7740158
0.7613257
0.503952
0.8220458
1.406857
1.026048
0.2955955
3.103376
1.049128
0.4126563
0.6006044
1.395795
1.4486
1.333313
2.199376
3.208436
0.3732665
0.3685276
1.192667
0.1001555
0.1031937
0.7965887
0.5842355
2.225374
0.6666505
1.738008
0.004322862
0.1198336
0.4445126
0.4168163
0.5431987
0.829135
0.314683
0.02991467
0.2320105
0.5946784
3.448279
1.285207
1.875624
0.09524191
0.56186
0.6185358
0.6933013
0.2957498
0.8666808
0.4433099
0.3017307
0.7802113
2.096992
1.700957
0.6626935
1.536529
2.229598
0.429863
0.2819102
3.214033
0.5531937
1.187412
0.5365653
1.469859
0.6897159
1.280017
1.904547
2.529221
0.2898956
0.7751642
0.08818314
1.50636
0.1959614
0.04194383
3.098644
0.3779854
1.701988
0.007491472
1.397249
0.1685933
0.8521214
0.8825098
0.5347704
0.2246176
3.451919
0.4535312
0.6897879
2.226445
1.287008
0.1467548
0.4890765
0.6022832
1.872409
0.7421435
0.1327442
2.539591
0.7417844
3.528153
0.7863738
0.2165827
2.247824
1.685216
0.4886666
2.380116
0.5076897
2.194397
1.765642
4.105224
1.209882
4.436563
0.1446369
0.4019564
1.709405
1.654664
1.088948
0.9255968
0.8914672
0.756427
0.1670985
1.177583
1.858423
2.638993
0.5953986
2.048843
6.553402
0.2694915
1.089685
0.01870085
0.213199
0.1925709
1.193732
2.130804
1.734011
1.106979
1.124226
1.853707
0.316731
0.1743834
0.5272363
1.867764
0.1334531
0.6035812
0.1784344
4.440922
0.7713209
4.335473
0.4951573
1.820791
1.534248
0.8768416
0.2594445
0.2261359
3.413575
0.6632692
0.2164863
2.742306
1.840354
1.92578
0.7633242
0.4524737
0.1723322
0.3810622
0.7685892
0.8292429
0.246531
2.20642
0.0380154
0.08092804
0.03145253
0.1087041
0.9043927
1.796066
3.751363
1.057993
0.1954951
1.833235
0.9741283
1.652083
2.725616
1.750564
2.705805
0.01527055
1.167341
1.087318
1.14702
0.5338615
1.912484
0.4515445
1.065657
2.44021
0.6453744
2.231355
0.839403
0.4828678
1.324171
0.9409174
0.6163451
1.694869
1.176917
0.9618622
2.365287
0.3350403
0.8861993
1.742261
0.5873132
0.7232723
0.1812113
1.847428
0.2059599
4.774326
0.3245975
2.671971
1.864329
0.6867491
1.762191
0.519124
0.7512755
0.6132173
0.6711529
0.672433
0.01099871
1.572021
0.6707369
2.193543
0.6000889
1.929405
0.8123879
1.438571
0.1219485
1.920707
0.4299555
2.116912
0.2920258
0.6037756
0.8531132
0.6592523
1.528473
2.496413
0.2345113
1.222407
0.07309397
0.01637207
0.2726178
1.721371
1.999457
0.08067773
1.475039
1.911915
0.07587804
0.1832712
1.348228
0.173054
3.613195
0.07981224
0.2502013
2.423947
0.08423118
0.05746567
0.4633789
0.03149681
0.03581766
2.268856
0.5149836
0.3609626
1.174114
1.563808
1.546677
1.904637
0.01037853
3.87242
0.789852
0.2000358
0.2338147
0.5564773
1.981774
0.516165
0.7495245
1.898591
1.259617
1.325826
0.5877993
0.07545756
0.8101347
0.7739061
0.3272227
1.297849
0.2876149
0.3566814
1.535822
1.469335
2.619491
0.9802525
1.194439
0.1569172
1.481761
0.02848859
0.1968038
0.2293483
2.447544
0.2608034
3.115613
0.1553496
0.5713997
0.6481919
2.859583
1.07
0.5318021
1.081861
0.2407617
0.79581
6.890987
0.6814938
0.5776822
0.1309706
1.727975
5.178933
0.9575486
0.4021597
1.3657
0.8769575
0.3081506
0.5840882
0.9633955
0.1470312
1.12174
0.3959518
2.159326
7.581906
0.7982891
2.508976
2.842306
0.7318848
0.7884409
3.122655
0.3723339
0.3466551
0.7420547
0.1648283
0.1000015
2.799668
0.108783
1.224963
0.4455458
0.2881882
0.404778
0.04455483
1.451345
0.6532494
6.171869
0.4691451
0.9123521
1.363792
1.479223
1.156837
2.046336
0.2764034
0.5675144
3.766264
0.9209285
1.256757
0.1186829
0.4682652
1.733799
0.3361069
1.074633
1.383462
1.331851
0.2992799
0.8185058
1.941843
0.7107243
2.160946
0.1627861
2.33354
0.05102855
1.490411
0.700335
0.2047032
0.2214797
0.3889173
0.105461
1.090648
0.5195411
1.274579
5.942
2.329498
2.534944
2.828448
0.5405941
0.5961784
1.158668
3.451165
0.5923809
1.901603
0.288663
0.1621595
0.5457492
0.05002584
0.2876945
0.1368679
3.145868
0.1661527
0.3333255
1.990678
3.063048
1.726312
0.5734213
2.010893
2.295918
0.02342731
0.4517943
2.893404
0.3429884
1.401411
0.2704511
1.035034
0.3804465
1.80687
0.001945219
0.9327929
0.9772972
0.3193652
1.386543
1.174701
1.399115
0.2875743
0.2225017
0.6535561
0.5342165
0.3638524
0.238216
0.8634136
0.1690959
0.3842873
1.623714
1.193619
0.07273464
2.434389
1.054478
0.1560272
0.0215271
0.6268356
2.60324
0.6030187
2.432633
1.545865
0.09555937
1.11455
0.6015928
0.6070094
0.8530299
0.3305208
1.172151
0.8545144
0.9029986
0.1330195
3.781421
1.135917
1.072275
1.245164
2.11781
0.358848
0.2106131
0.6403076
0.8387815
0.9830245
0.7000849
1.170168
0.2920521
2.844093
1.825703
1.601933
2.291673
0.03567646
0.4263247
0.7895792
1.371986
2.320522
3.638554
0.2677866
0.6220121
1.23963
0.19286
1.034973
1.025789
0.8495618
1.233484
0.006848033
0.462885
0.284769
0.1575535
0.3351059
1.5149
0.6535998
0.03430132
1.185083
0.854722
1.31717
1.128685
3.089243
1.380936
6.403169
1.168791
0.8122247
0.7440832
0.03110122
0.1628976
2.254468
1.997214
1.901397
0.1770947
0.8408145
0.8211604
0.0781883
0.03341344
0.3873798
6.212835
1.301381
1.517043
2.318067
0.6250052
0.1690369
0.6456706
0.05952869
0.79068
0.05630592
1.678565
0.0662932
1.857365
2.666243
2.246245
0.0375143
0.5943932
0.2166455
0.4152672
1.548863
0.05185597
2.125636
0.3302649
0.3542006
0.433749
0.8514609
0.2174677
1.330067
3.147029
4.318746
0.2261091
1.846116
0.2148334
4.631818
1.89863
1.471619
0.478025
0.9924993
0.7149112
0.5101561
3.142859
0.2926989
0.1504189
4.370564
0.796005
1.849667
1.552893
1.541216
1.124023
0.8665693
3.203039
0.2679785
0.8874273
2.846247
0.1658676
1.656572
0.2811731
1.695399
3.074739
1.005467
0.8198419
2.129398
1.157259
6.7732
0.8190734
0.4188989
1.336584
1.833151
6.617823
1.62256
0.6190967
0.6114758
0.2095667
0.5916638
0.05394219
0.9041888
0.7860905
1.431344
0.140335
3.486824
0.9807822
0.01565899
0.3965945
1.436381
2.994568
0.1555807
1.792343
0.08807385
0.4021838
0.5387263
2.573251
0.5349067
0.1603648
0.9471267
0.5903488
1.338384
1.765141
0.5030311
1.674194
1.015256
3.344672
1.009722
0.01390963
1.586011
0.8771129
0.7144247
0.08878444
2.385237
4.336115
0.8769034
0.1101657
0.515819
0.8749395
0.01866061
0.3755731
3.467222
3.072769
0.7107529
3.99607
0.8962828
2.04584
2.635105
1.427319
1.422088
0.07706053
1.052587
3.066305
1.914038
1.947441
1.962943
0.7559968
3.307286
0.9400212
0.3058758
1.532172
0.343161
0.07459846
0.3594232
0.3109273
0.06074032
0.2478951
3.155725
0.764165
1.980471
0.474369
0.7036145
1.095416
0.5454835
1.908221
0.3295546
1.186688
2.227415
4.269131
1.480569
0.006750901
0.6954092
2.48813
1.672967
0.7330528
0.191995
2.302095
2.366693
0.3933969
4.53279
0.4903613
0.1388225
2.197473
1.175357
0.1965786
0.9668039
0.029754
0.1314771
0.1578528
0.3656041
0.8535937
0.8131456
0.9438002
4.669106
0.8320195
0.852529
1.192665
2.762433
1.132315
0.4225828
0.9074407
1.471578
0.3034629
1.626764
0.6855764
1.399554
0.1947687
1.595419
1.927223
0.8082635
0.07926447
0.7158162
3.43728
0.9801252
1.782586
1.286449
0.1998312
0.1607043
0.5163529
1.565722
0.3570332
2.092321
2.457402
0.3069346
0.4228073
3.105913
0.8565235
1.448546
0.5569419
0.5527359
2.301183
0.5420329
0.1045335
0.9336182
2.597086
2.703687
2.544814
0.43504
2.78824
0.8822702
1.687887
2.163382
1.509863
0.7825562
0.646912
0.1777678
0.6136984
4.031762
0.1951327
0.06439818
0.9880447
3.107787
1.796774
1.806458
0.0830035
0.08082714
1.349296
0.07393704
0.805095
0.9760145
1.412691
1.306299
0.566278
0.4984292
2.202794
4.269451
2.973741
0.7458883
2.74341
3.081287
0.7640408
1.378062
0.2208797
0.8365916
0.1409652
0.9693061
2.531014
1.22952
3.665392
4.098471
0.7403766
0.7611765
0.1218093
0.5816017
0.5004052
1.408574
0.3381565
0.760434
1.175565
1.208106
0.05771048
1.069946
1.416104
0.42385
2.186405
1.672893
0.5942743
1.328685
2.184397
2.970663
0.2924168
1.122747
0.6115297
2.164307
0.3664462
1.616983
0.4460622
0.9028018
1.269637
2.415328
0.6464068
0.07964384
0.4785551
0.09960736
0.8389802
0.9401706
0.1679441
0.05373649
1.782572
0.7258021
4.701058
0.9931704
0.4179301
2.553993
0.07516039
0.8739781
0.4971111
3.851881
0.3870495
0.327057
1.944519
1.724421
0.05133623
0.5244875
0.3883547
1.258655
0.04108452
1.110109
0.3193434
0.1636009
1.482449
2.654593
2.158094
0.1449697
0.138092
1.193207
0.4201433
0.7960617
0.3865712
1.126116
4.686881
0.3477569
0.7900215
0.8394991
2.875561
0.622872
3.261676
1.482104
0.02945624
1.61094
0.8368548
0.2688248
0.651496
0.5685404
1.911393
0.5782289
0.4891322
0.2247819
0.6088531
0.6052264
2.540115
1.307642
0.1262191
1.648552
0.006595309
0.6812085
0.2036293
1.652919
0.843014
0.2800861
0.210799
0.08562515
0.1443794
1.650836
2.384447
0.05167451
0.2379578
1.311737
0.8945554
1.878295
1.493468
0.1719991
0.5340909
0.03816728
1.086625
0.4455081
0.2875215
1.034412
0.3904427
1.486796
1.451589
1.196321
0.1967133
3.145602
